单账户一周总次数分布统计
+--------------------+-----------+
|              center|LabelCounts|
+--------------------+-----------+
| [0.560120052917297]|  106771149|
|[1.3783276654531806]|   87878001|
|[3.5056643505264304]|   30965399|
|[7.3557987006508645]|   11249871|
|[26.298203963666392]|    1030325|
|[102.24744268077602]|      34231|
|[288.20500927643786]|       5208|
| [601.3458646616541]|       2182|
| [1075.486111111111]|       1042|
|[1805.5562913907286]|        716|
+--------------------+-----------+